19 100 200 500 1000 2000 5000 10000 20000 50000 100000 
1e-28 276370 276399 276447 276465 276484 276494 276494 276494 276494 276494 
1.00512e-24 276370 276400 276447 276466 276485 276494 276494 276494 276494 276494 
2.01015e-24 276370 276400 276447 276467 276486 276495 276494 276494 276494 276494 
3.01517e-24 276370 276400 276448 276468 276487 276496 276495 276494 276494 276494 
4.0202e-24 276370 276400 276448 276469 276488 276497 276495 276494 276494 276494 
5.02522e-24 276370 276400 276449 276470 276490 276498 276496 276495 276494 276494 
6.03025e-24 276370 276400 276450 276471 276491 276499 276496 276495 276494 276494 
7.03527e-24 276370 276400 276450 276473 276493 276500 276497 276495 276494 276494 
8.0403e-24 276370 276400 276451 276474 276495 276501 276498 276495 276494 276494 
9.04532e-24 276371 276400 276452 276476 276497 276502 276498 276495 276494 276494 
1.00503e-23 276371 276400 276453 276478 276499 276504 276499 276496 276494 276494 
1.10554e-23 276371 276400 276454 276480 276501 276505 276500 276496 276494 276494 
1.20604e-23 276371 276400 276455 276482 276504 276507 276500 276496 276494 276494 
1.30654e-23 276371 276401 276456 276485 276507 276508 276501 276497 276494 276494 
1.40704e-23 276371 276401 276457 276487 276509 276510 276502 276497 276494 276494 
1.50755e-23 276371 276401 276459 276490 276512 276512 276503 276497 276495 276494 
1.60805e-23 276371 276401 276460 276493 276515 276514 276504 276498 276495 276494 
1.70855e-23 276371 276401 276461 276495 276519 276516 276505 276498 276495 276494 
1.80905e-23 276371 276401 276463 276499 276522 276518 276506 276498 276495 276494 
1.90956e-23 276371 276401 276464 276502 276526 276520 276507 276499 276495 276494 
2.01006e-23 276371 276401 276466 276505 276529 276522 276508 276499 276495 276494 
2.11056e-23 276371 276402 276467 276509 276533 276524 276509 276500 276495 276494 
2.21106e-23 276371 276402 276469 276512 276537 276527 276510 276500 276495 276494 
2.31157e-23 276371 276402 276471 276516 276541 276529 276511 276500 276495 276494 
2.41207e-23 276371 276402 276473 276520 276546 276532 276513 276501 276495 276494 
2.51257e-23 276371 276402 276475 276524 276550 276534 276514 276501 276495 276494 
2.61307e-23 276371 276402 276476 276529 276555 276537 276515 276502 276495 276494 
2.71358e-23 276371 276403 276478 276533 276559 276540 276516 276502 276496 276494 
2.81408e-23 276371 276403 276481 276538 276564 276542 276518 276503 276496 276494 
2.91458e-23 276371 276403 276483 276542 276569 276545 276519 276503 276496 276494 
3.01508e-23 276371 276403 276485 276547 276575 276548 276520 276504 276496 276494 
3.11559e-23 276371 276403 276487 276552 276580 276551 276522 276504 276496 276494 
3.21609e-23 276371 276403 276490 276557 276585 276554 276523 276505 276496 276494 
3.31659e-23 276371 276404 276492 276563 276591 276557 276525 276506 276496 276494 
3.41709e-23 276371 276404 276494 276568 276597 276561 276526 276506 276496 276495 
3.5176e-23 276371 276404 276497 276574 276603 276564 276528 276507 276497 276495 
3.6181e-23 276371 276404 276500 276579 276609 276567 276529 276507 276497 276495 
3.7186e-23 276371 276404 276502 276585 276615 276571 276531 276508 276497 276495 
3.8191e-23 276371 276405 276505 276591 276621 276574 276533 276508 276497 276495 
3.91961e-23 276371 276405 276508 276597 276628 276578 276534 276509 276497 276495 
4.02011e-23 276371 276405 276511 276604 276635 276582 276536 276510 276497 276495 
4.12061e-23 276371 276405 276513 276610 276641 276586 276538 276510 276497 276495 
4.22111e-23 276371 276406 276516 276617 276648 276589 276540 276511 276497 276495 
4.32162e-23 276371 276406 276519 276623 276656 276593 276541 276512 276498 276495 
4.42212e-23 276371 276406 276523 276630 276663 276597 276543 276512 276498 276495 
4.52262e-23 276371 276406 276526 276637 276670 276601 276545 276513 276498 276495 
4.62312e-23 276371 276407 276529 276644 276678 276606 276547 276514 276498 276495 
4.72363e-23 276371 276407 276532 276652 276685 276610 276549 276515 276498 276495 
4.82413e-23 276371 276407 276536 276659 276693 276614 276551 276515 276498 276495 
4.92463e-23 276371 276407 276539 276667 276701 276618 276553 276516 276498 276495 
5.02513e-23 276371 276408 276542 276674 276709 276623 276555 276517 276499 276495 
5.12564e-23 276371 276408 276546 276682 276718 276627 276557 276518 276499 276495 
5.22614e-23 276371 276408 276550 276690 276726 276632 276559 276518 276499 276495 
5.32664e-23 276371 276408 276553 276698 276735 276637 276561 276519 276499 276495 
5.42714e-23 276371 276409 276557 276707 276743 276641 276564 276520 276499 276495 
5.52765e-23 276371 276409 276561 276715 276752 276646 276566 276521 276499 276495 
5.62815e-23 276371 276409 276565 276724 276761 276651 276568 276522 276500 276495 
5.72865e-23 276371 276409 276569 276732 276770 276656 276570 276522 276500 276495 
5.82915e-23 276371 276410 276573 276741 276779 276661 276573 276523 276500 276496 
5.92966e-23 276371 276410 276577 276750 276789 276666 276575 276524 276500 276496 
6.03016e-23 276371 276410 276581 276759 276798 276671 276577 276525 276500 276496 
6.13066e-23 276371 276411 276585 276768 276808 276676 276580 276526 276501 276496 
6.23116e-23 276371 276411 276589 276778 276818 276682 276582 276527 276501 276496 
6.33167e-23 276371 276411 276593 276787 276828 276687 276584 276528 276501 276496 
6.43217e-23 276371 276412 276598 276797 276838 276692 276587 276529 276501 276496 
6.53267e-23 276371 276412 276602 276807 276848 276698 276589 276529 276501 276496 
6.63317e-23 276371 276412 276607 276817 276859 276703 276592 276530 276501 276496 
6.73367e-23 276371 276413 276611 276827 276869 276709 276594 276531 276502 276496 
6.83418e-23 276371 276413 276616 276837 276880 276715 276597 276532 276502 276496 
6.93468e-23 276371 276413 276620 276847 276890 276720 276600 276533 276502 276496 
7.03518e-23 276371 276414 276625 276858 276901 276726 276602 276534 276502 276496 
7.13568e-23 276371 276414 276630 276868 276912 276732 276605 276535 276502 276496 
7.23619e-23 276371 276414 276635 276879 276924 276738 276608 276536 276503 276496 
7.33669e-23 276372 276415 276640 276890 276935 276744 276610 276537 276503 276496 
7.43719e-23 276372 276415 276645 276901 276946 276750 276613 276538 276503 276496 
7.53769e-23 276372 276415 276650 276912 276958 276756 276616 276539 276503 276496 
7.6382e-23 276372 276416 276655 276923 276970 276763 276619 276540 276504 276497 
7.7387e-23 276372 276416 276660 276935 276982 276769 276622 276541 276504 276497 
7.8392e-23 276372 276416 276665 276946 276994 276775 276625 276542 276504 276497 
7.9397e-23 276372 276417 276670 276958 277006 276782 276627 276543 276504 276497 
8.04021e-23 276372 276417 276676 276970 277018 276788 276630 276544 276504 276497 
8.14071e-23 276372 276418 276681 276982 277031 276795 276633 276546 276505 276497 
8.24121e-23 276372 276418 276687 276994 277043 276801 276636 276547 276505 276497 
8.34171e-23 276372 276418 276692 277006 277056 276808 276639 276548 276505 276497 
8.44222e-23 276372 276419 276698 277018 277069 276815 276642 276549 276505 276497 
8.54272e-23 276372 276419 276703 277031 277082 276822 276646 276550 276506 276497 
8.64322e-23 276372 276420 276709 277044 277095 276829 276649 276551 276506 276497 
8.74372e-23 276372 276420 276715 277056 277108 276836 276652 276552 276506 276497 
8.84423e-23 276372 276420 276721 277069 277121 276843 276655 276553 276506 276497 
8.94473e-23 276372 276421 276727 277082 277135 276850 276658 276555 276506 276497 
9.04523e-23 276372 276421 276733 277095 277148 276857 276661 276556 276507 276497 
9.14573e-23 276372 276422 276739 277109 277162 276864 276665 276557 276507 276497 
9.24624e-23 276372 276422 276745 277122 277176 276871 276668 276558 276507 276498 
9.34674e-23 276372 276423 276751 277135 277190 276879 276671 276559 276507 276498 
9.44724e-23 276372 276423 276757 277149 277204 276886 276675 276561 276508 276498 
9.54774e-23 276372 276423 276763 277163 277218 276894 276678 276562 276508 276498 
9.64825e-23 276372 276424 276769 277177 277233 276901 276681 276563 276508 276498 
9.74875e-23 276372 276424 276776 277191 277247 276909 276685 276564 276508 276498 
9.84925e-23 276372 276425 276782 277205 277262 276916 276688 276566 276509 276498 
9.94975e-23 276372 276425 276789 277219 277277 276924 276692 276567 276509 276498 
1.00503e-22 276372 276426 276795 277234 277292 276932 276695 276568 276509 276498 
1.01508e-22 276372 276426 276802 277248 277307 276940 276699 276569 276510 276498 
1.02513e-22 276372 276427 276809 277263 277322 276948 276702 276571 276510 276498 
1.03518e-22 276372 276427 276815 277278 277337 276956 276706 276572 276510 276498 
1.04523e-22 276372 276428 276822 277293 277353 276964 276709 276573 276510 276498 
1.05528e-22 276372 276428 276829 277308 277368 276972 276713 276575 276511 276498 
1.06533e-22 276372 276428 276836 277323 277384 276980 276717 276576 276511 276499 
1.07538e-22 276372 276429 276843 277338 277400 276988 276720 276577 276511 276499 
1.08543e-22 276372 276429 276850 277354 277416 276997 276724 276579 276511 276499 
1.09548e-22 276372 276430 276857 277369 277432 277005 276728 276580 276512 276499 
1.10553e-22 276372 276430 276864 277385 277448 277013 276732 276582 276512 276499 
1.11558e-22 276372 276431 276871 277401 277464 277022 276735 276583 276512 276499 
1.12563e-22 276372 276431 276879 277417 277481 277030 276739 276584 276513 276499 
1.13568e-22 276372 276432 276886 277433 277497 277039 276743 276586 276513 276499 
1.14573e-22 276372 276433 276893 277449 277514 277048 276747 276587 276513 276499 
1.15578e-22 276372 276433 276901 277466 277531 277056 276751 276589 276513 276499 
1.16583e-22 276372 276434 276908 277482 277548 277065 276755 276590 276514 276499 
1.17588e-22 276372 276434 276916 277499 277565 277074 276759 276591 276514 276499 
1.18593e-22 276372 276435 276923 277515 277582 277083 276763 276593 276514 276499 
1.19598e-22 276372 276435 276931 277532 277599 277092 276767 276594 276515 276500 
1.20603e-22 276372 276436 276939 277549 277617 277101 276771 276596 276515 276500 
1.21608e-22 276373 276436 276947 277566 277634 277110 276775 276597 276515 276500 
1.22613e-22 276373 276437 276954 277583 277652 277119 276779 276599 276516 276500 
1.23618e-22 276373 276437 276962 277601 277669 277128 276783 276600 276516 276500 
1.24623e-22 276373 276438 276970 277618 277687 277138 276787 276602 276516 276500 
1.25628e-22 276373 276438 276978 277636 277705 277147 276791 276603 276517 276500 
1.26633e-22 276373 276439 276986 277653 277724 277156 276795 276605 276517 276500 
1.27638e-22 276373 276440 276995 277671 277742 277166 276800 276606 276517 276500 
1.28643e-22 276373 276440 277003 277689 277760 277175 276804 276608 276517 276500 
1.29648e-22 276373 276441 277011 277707 277779 277185 276808 276609 276518 276500 
1.30653e-22 276373 276441 277019 277725 277797 277194 276812 276611 276518 276500 
1.31658e-22 276373 276442 277028 277744 277816 277204 276817 276613 276518 276501 
1.32663e-22 276373 276443 277036 277762 277835 277214 276821 276614 276519 276501 
1.33668e-22 276373 276443 277045 277780 277854 277224 276825 276616 276519 276501 
1.34673e-22 276373 276444 277053 277799 277873 277233 276830 276617 276519 276501 
1.35678e-22 276373 276444 277062 277818 277892 277243 276834 276619 276520 276501 
1.36683e-22 276373 276445 277070 277837 277912 277253 276839 276621 276520 276501 
1.37688e-22 276373 276446 277079 277856 277931 277263 276843 276622 276520 276501 
1.38693e-22 276373 276446 277088 277875 277951 277273 276848 276624 276521 276501 
1.39699e-22 276373 276447 277097 277894 277970 277284 276852 276626 276521 276501 
1.40704e-22 276373 276447 277106 277913 277990 277294 276857 276627 276521 276501 
1.41709e-22 276373 276448 277115 277933 278010 277304 276861 276629 276522 276501 
1.42714e-22 276373 276449 277124 277952 278030 277314 276866 276631 276522 276501 
1.43719e-22 276373 276449 277133 277972 278050 277325 276870 276632 276522 276502 
1.44724e-22 276373 276450 277142 277992 278070 277335 276875 276634 276523 276502 
1.45729e-22 276373 276451 277151 278012 278091 277346 276880 276636 276523 276502 
1.46734e-22 276373 276451 277160 278032 278111 277356 276884 276637 276524 276502 
1.47739e-22 276373 276452 277169 278052 278132 277367 276889 276639 276524 276502 
1.48744e-22 276373 276452 277179 278072 278153 277377 276894 276641 276524 276502 
1.49749e-22 276373 276453 277188 278093 278173 277388 276898 276642 276525 276502 
1.50754e-22 276373 276454 277198 278113 278194 277399 276903 276644 276525 276502 
1.51759e-22 276373 276454 277207 278134 278215 277410 276908 276646 276525 276502 
1.52764e-22 276373 276455 277217 278155 278237 277420 276913 276648 276526 276502 
1.53769e-22 276373 276456 277226 278176 278258 277431 276918 276649 276526 276503 
1.54774e-22 276373 276456 277236 278196 278279 277442 276923 276651 276526 276503 
1.55779e-22 276373 276457 277246 278218 278301 277453 276927 276653 276527 276503 
1.56784e-22 276373 276458 277255 278239 278322 277465 276932 276655 276527 276503 
1.57789e-22 276373 276459 277265 278260 278344 277476 276937 276657 276528 276503 
1.58794e-22 276373 276459 277275 278281 278366 277487 276942 276658 276528 276503 
1.59799e-22 276373 276460 277285 278303 278388 277498 276947 276660 276528 276503 
1.60804e-22 276374 276461 277295 278325 278410 277509 276952 276662 276529 276503 
1.61809e-22 276374 276461 277305 278346 278432 277521 276957 276664 276529 276503 
1.62814e-22 276374 276462 277315 278368 278454 277532 276962 276666 276529 276503 
1.63819e-22 276374 276463 277326 278390 278477 277544 276967 276668 276530 276504 
1.64824e-22 276374 276463 277336 278412 278499 277555 276973 276670 276530 276504 
1.65829e-22 276374 276464 277346 278434 278522 277567 276978 276671 276531 276504 
1.66834e-22 276374 276465 277356 278457 278544 277578 276983 276673 276531 276504 
1.67839e-22 276374 276466 277367 278479 278567 277590 276988 276675 276531 276504 
1.68844e-22 276374 276466 277377 278502 278590 277602 276993 276677 276532 276504 
1.69849e-22 276374 276467 277388 278524 278613 277614 276998 276679 276532 276504 
1.70854e-22 276374 276468 277398 278547 278636 277625 277004 276681 276533 276504 
1.71859e-22 276374 276469 277409 278570 278660 277637 277009 276683 276533 276504 
1.72864e-22 276374 276469 277420 278593 278683 277649 277014 276685 276533 276504 
1.73869e-22 276374 276470 277430 278616 278706 277661 277019 276687 276534 276505 
1.74874e-22 276374 276471 277441 278639 278730 277673 277025 276689 276534 276505 
1.75879e-22 276374 276472 277452 278662 278754 277685 277030 276691 276535 276505 
1.76884e-22 276374 276472 277463 278686 278777 277698 277036 276693 276535 276505 
1.77889e-22 276374 276473 277474 278709 278801 277710 277041 276694 276535 276505 
1.78894e-22 276374 276474 277485 278733 278825 277722 277046 276696 276536 276505 
1.799e-22 276374 276475 277496 278757 278849 277734 277052 276698 276536 276505 
1.80905e-22 276374 276475 277507 278780 278874 277747 277057 276700 276537 276505 
1.8191e-22 276374 276476 277518 278804 278898 277759 277063 276702 276537 276505 
1.82915e-22 276374 276477 277529 278828 278922 277772 277068 276704 276537 276506 
1.8392e-22 276374 276478 277540 278852 278947 277784 277074 276706 276538 276506 
1.84925e-22 276374 276479 277552 278877 278971 277797 277079 276709 276538 276506 
1.8593e-22 276374 276479 277563 278901 278996 277809 277085 276711 276539 276506 
1.86935e-22 276374 276480 277575 278925 279021 277822 277091 276713 276539 276506 
1.8794e-22 276374 276481 277586 278950 279046 277835 277096 276715 276540 276506 
1.88945e-22 276374 276482 277598 278975 279071 277848 277102 276717 276540 276506 
1.8995e-22 276374 276483 277609 278999 279096 277860 277107 276719 276540 276506 
1.90955e-22 276374 276483 277621 279024 279121 277873 277113 276721 276541 276506 
1.9196e-22 276374 276484 277633 279049 279146 277886 277119 276723 276541 276507 
1.92965e-22 276374 276485 277644 279074 279172 277899 277125 276725 276542 276507 
1.9397e-22 276374 276486 277656 279099 279197 277912 277130 276727 276542 276507 
1.94975e-22 276375 276487 277668 279125 279223 277925 277136 276729 276543 276507 
1.9598e-22 276375 276488 277680 279150 279249 277938 277142 276731 276543 276507 
1.96985e-22 276375 276488 277692 279175 279274 277952 277148 276733 276543 276507 
1.9799e-22 276375 276489 277704 279201 279300 277965 277154 276736 276544 276507 
1.98995e-22 276375 276490 277716 279227 279326 277978 277159 276738 276544 276507 
2e-22 276375 276491 277728 279253 279352 277991 277165 276740 276545 276507 
